4294967294,0
4294967278,132
4294967278,131
4294967278,130
4294967278,129
4294967278,128
4294967278,127
4294967278,126
4294967278,125
4294967278,124
4294967278,123
4294967278,122
4294967278,121
4294967278,120
4294967278,119
4294967278,118
4294967278,117
4294967278,116
4294967278,115
4294967278,114
4294967278,113
4294967278,112
4294967278,111
4294967278,110
4294967278,109
4294967278,108
4294967278,107
4294967278,106
4294967278,105
4294967278,104
4294967278,103
4294967278,102
4294967278,101
4294967278,100
4294967278,99
4294967278,98
4294967278,97
4294967278,96
4294967278,95
4294967278,94
4294967278,93
4294967278,92
4294967278,91
4294967278,90
4294967278,89
4294967278,87
4294967278,86
4294967278,85
4294967278,84
4294967278,83
4294967278,82
4294967278,81
4294967278,80
4294967278,79
4294967278,78
4294967278,77
4294967278,76
4294967278,75
4294967278,74
4294967278,73
4294967278,72
4294967278,71
4294967278,70
4294967278,69
4294967278,68
4294967278,67
4294967278,66
4294967278,65
4294967278,64
4294967278,62
4294967278,61
4294967278,58
4294967278,57
4294967278,56
4294967278,55
4294967278,54
4294967278,53
4294967278,52
4294967278,51
4294967278,50
4294967278,49
4294967278,48
4294967278,47
4294967278,46
4294967278,45
4294967278,44
4294967278,43
4294967278,42
4294967278,41
4294967278,39
4294967278,38
4294967279,23
4294967279,20
4294967279,17
4294967279,15
4294967279,5
4294967278,63
4294967294,93
4294967294,95
4294967278,60
4294967278,59
4294967294,92
4294967294,88
4294967279,245
4294967279,0
4294967294,27
4294967294,50
4294967294,46
4294967294,1221
4294967294,1220
4294967294,1083
4294967294,1080
4294967294,185
4294967294,176
4294967294,81
4294967294,127
4294967294,18
4294967294,11
4294967294,68
4294967279,234
4294967278,229
4294967279,228
4294967279,226
4294967278,223
4294967278,179
4294967278,172
4294967278,169
4294967279,169
4294967279,167
4294967278,164
4294967278,160
4294967278,157
4294967278,268
4294967279,266
4294967278,263
4294967279,248
4294967278,246
4294967278,244
4294967279,244
4294967278,242
4294967278,240
4294967278,235
4294967279,236
4294967278,233
4294967278,231
4294967294,42
4294967294,36
4294967294,39
4294967294,41
4294967294,52
4294967294,393
4294967294,24
4294967294,83
4294967294,1153
4294967294,169
5567,6
5567,5
5567,4
5567,3
5567,2
5567,1
4294967294,1364
4294967278,445
4294967294,1367
5564,5
5564,4
5564,3
5564,2
5564,1
5562,5
5562,4
5562,3
5562,2
5562,1
5560,5
5560,4
5560,3
5560,2
5560,1
4294967279,569
4294967278,152
4294967278,349
5559,5
5559,4
5559,3
5559,2
5559,1
4294967294,429
5557,5
5557,4
5557,3
5557,2
5557,1
4294967279,237
4294967278,435
4294967278,434
4294967279,544
4294967278,221
4294967279,222
4294967279,345
4294967279,515
4294967294,1074
5556,6
5556,5
5556,4
5556,3
5556,2
5556,1
4294967279,235
5553,5
5553,4
5553,3
5553,2
5553,1
4294967294,413
4294967294,462
4294967278,177
4294967278,432
5551,5
4294967279,168
5551,4
5551,3
5551,2
5551,1
4294967278,162
5549,5
5549,4
5549,3
5549,2
5549,1
4294967278,429
4294967278,425
4294967278,151
5548,5
5548,4
5548,3
5548,2
5548,1
4294967278,306
5546,5
5546,4
5546,3
5546,2
5546,1
5545,4
5545,3
5545,2
5545,1
4294967279,88
4294967294,175
4294967294,464
4294967278,424
4294967279,221
4294967278,251
4294967278,387
4294967294,75
4294967294,14
4294967294,20
4294967294,13
4294967279,219
4294967278,366
4294967278,330
4294967279,523
4294967294,30
4294967294,1175
4294967294,1174
4294967294,1172
4294967294,1171
4294967294,1166
4294967294,1155
4294967294,1064
4294967294,1062
4294967294,1061
4294967294,1060
4294967294,1059
4294967294,60
4294967294,12
4294967294,126
4294967294,1084
4294967279,319
5544,6
5544,5
5544,4
5544,2
5544,1
4294967278,355
4294967279,352
4294967278,423
5541,5
5541,4
5541,3
5541,2
5541,1
5539,5
5539,4
5539,2
5539,1
5537,5
4294967278,209
5537,4
5537,3
5537,2
5537,1
4294967278,204
5536,5
5536,4
5536,3
5536,2
5536,1
4294967278,195
4294967279,371
4294967294,1188
4294967294,190
5534,5
5534,4
5534,3
5534,2
5534,1
4294967278,359
4294967279,358
4294967294,112
4294967294,469
4294967294,459
4294967294,458
4294967279,341
4294967279,330
4294967278,385
4294967278,313
4294967279,357
4294967279,542
4294967279,223
4294967279,12
4294967279,11
4294967279,554
4294967279,6
4294967279,4
4294967279,165
4294967279,164
4294967279,160
5533,6
5533,5
5533,4
5533,3
5533,2
5533,1
4294967279,537
4294967278,421
4294967279,546
4294967278,420
4294967279,318
4294967279,141
4294967278,442
4294967279,317
5530,5
5530,4
5530,3
5530,2
5530,1
4294967279,10
4294967278,226
4294967294,468
4294967294,466
4294967294,108
4294967279,9
4294967279,8
4294967278,259
4294967279,7
5528,5
5528,4
5528,3
5528,2
5528,1
4294967279,315
4294967279,256
4294967294,474
4294967278,418
5526,5
4294967279,250
5526,4
5526,3
5526,2
5526,1
4294967279,540
5525,5
5525,4
5525,3
5525,2
5525,1
5523,5
5523,4
5523,3
5523,2
5523,1
4294967278,416
4294967279,211
4294967294,389
4294967279,313
4294967279,2
4294967279,174
4294967294,17
4294967294,99
4294967294,76
4294967294,1184
4294967294,26
4294967294,43
4294967294,416
4294967294,51
4294967294,25
4294967294,67
4294967294,6
4294967294,1227
4294967294,82
4294967294,1189
4294967279,311
4294967279,178
4294967278,176
4294967279,176
4294967278,294
5522,6
5522,5
5522,4
5522,3
5522,2
5522,1
4294967279,526
4294967278,391
5519,5
5519,4
5519,3
5519,2
5519,1
5517,5
5517,4
5517,3
5517,2
5517,1
5515,5
5515,4
5515,3
5515,2
5515,1
4294967278,220
4294967278,409
4294967279,557
5514,5
5514,4
5514,3
5514,2
5514,1
5512,5
5512,4
5512,3
5512,2
5512,1
5511,4
5511,3
5511,2
5511,1
4294967279,562
4294967278,371
4294967278,405
4294967279,305
4294967294,411
4294967294,450
4294967279,342
4294967278,404
4294967294,161
4294967278,219
4294967279,209
4294967278,197
4294967279,193
4294967279,189
4294967279,175
4294967279,170
4294967279,161
4294967278,146
4294967278,140
4294967279,140
4294967278,136
4294967279,271
4294967279,270
4294967278,364
4294967278,380
4294967279,242
4294967278,222
4294967278,440
4294967278,307
4294967279,348
4294967279,350
4294967278,331
4294967278,225
4294967278,215
4294967278,321
4294967279,213
5510,6
5510,5
5510,4
5510,2
5510,1
4294967278,196
4294967278,329
4294967279,192
4294967279,190
4294967279,188
5507,5
5507,4
5507,3
5507,2
5507,1
4294967278,401
5505,5
5505,4
5505,2
5505,1
4294967294,417
4294967294,449
4294967279,304
4294967294,478
5503,5
5503,4
5503,3
5503,2
5503,1
4294967279,162
4294967279,303
4294967294,477
4294967279,383
5502,5
5502,4
5502,3
5502,2
5502,1
4294967294,1222
4294967278,147
4294967294,1230
4294967294,1224
5500,5
5500,4
5500,3
5500,2
5500,1
4294967278,427
4294967279,519
4294967279,302
4294967279,291
4294967294,397
4294967294,424
4294967294,113
4294967294,454
4294967294,438
4294967278,398
4294967294,5
4294967278,340
4294967279,316
4294967278,305
4294967279,529
4294967278,292
4294967278,252
4294967279,301
5499,6
5499,5
5499,4
5499,3
5499,2
5499,1
4294967278,397
4294967279,331
4294967278,290
4294967278,190
4294967294,160
4294967294,180
4294967294,118
4294967279,191
4294967279,300
5496,5
5496,4
5496,3
5496,2
5496,1
4294967279,184
4294967278,181
4294967278,394
4294967279,299
4294967278,392
4294967279,173
5494,5
5494,4
5494,3
5494,2
5494,1
4294967294,476
4294967279,541
5492,5
5492,4
5492,3
5492,2
5492,1
4294967279,298
4294967278,439
4294967279,296
4294967294,166
4294967279,329
4294967278,155
4294967278,149
5491,5
5491,4
5491,3
5491,2
5491,1
4294967278,148
4294967279,148
4294967279,144
4294967279,521
4294967278,144
5489,5
4294967294,409
4294967294,187
4294967294,178
4294967294,399
5489,4
5489,3
5489,2
5489,1
4294967279,295
4294967278,141
5488,4
5488,3
5488,2
5488,1
4294967278,138
4294967279,278
4294967279,286
4294967278,414
4294967294,437
4294967294,1081
4294967294,1072
4294967294,182
4294967278,390
4294967293,131
4294967293,130
4294967293,129
4294967293,128
4294967293,127
4294967293,126
4294967293,125
4294967293,124
4294967293,123
4294967293,122
4294967293,121
4294967293,120
4294967293,119
4294967293,118
4294967293,117
4294967293,116
4294967293,115
4294967293,114
4294967293,113
4294967293,112
4294967293,111
4294967293,110
4294967293,109
4294967293,108
4294967293,107
4294967293,106
4294967293,105
4294967293,104
4294967293,103
4294967293,102
4294967293,101
4294967293,100
4294967293,99
4294967293,98
4294967293,97
4294967293,96
4294967293,95
4294967293,94
4294967293,93
4294967293,92
4294967293,91
4294967293,90
4294967293,89
4294967293,87
4294967293,86
4294967293,85
4294967293,84
4294967293,83
4294967293,82
4294967293,81
4294967293,80
4294967293,79
4294967293,78
4294967293,77
4294967293,76
4294967293,75
4294967293,74
4294967293,73
4294967293,72
4294967293,71
4294967293,70
4294967293,69
4294967293,68
4294967293,67
4294967293,66
4294967293,65
4294967293,64
4294967293,63
4294967293,62
4294967293,61
4294967293,60
4294967293,59
4294967293,58
4294967293,57
4294967293,56
4294967293,55
4294967293,54
4294967293,53
4294967293,52
4294967293,51
4294967293,50
4294967293,49
4294967293,48
4294967293,47
4294967293,46
4294967293,45
4294967293,44
4294967293,43
4294967293,42
4294967293,41
4294967293,40
4294967293,39
4294967293,38
4294967293,37
4294967293,36
4294967293,35
4294967293,34
4294967293,33
4294967293,32
4294967293,31
4294967293,30
4294967293,29
4294967293,28
4294967293,27
4294967293,26
4294967293,25
4294967293,24
4294967293,23
4294967293,22
4294967293,21
4294967293,20
4294967293,19
4294967293,18
4294967293,17
4294967293,16
4294967293,15
4294967293,14
4294967293,13
4294967293,12
4294967293,11
4294967293,10
4294967293,9
4294967293,8
4294967293,7
4294967293,6
4294967293,5
4294967293,4
4294967293,3
4294967279,80
4294967279,77
4294967279,76
4294967279,72
4294967279,70
4294967279,67
4294967279,66
4294967279,61
4294967279,288
4294967279,57
4294967279,54
4294967279,53
4294967279,52
4294967279,51
4294967279,47
4294967279,45
4294967279,43
4294967279,42
4294967279,41
4294967279,40
4294967279,39
4294967279,38
4294967279,37
4294967279,33
4294967279,32
4294967279,31
4294967279,30
4294967279,29
4294967279,28
4294967279,27
4294967279,26
4294967279,25
4294967279,24
4294967279,277
4294967279,294
4294967279,157
4294967279,292
4294967279,230
4294967278,227
4294967278,438
4294967278,441
5487,6
5487,5
5487,4
5487,2
5487,1
4294967279,283
4294967279,333
5484,5
5484,4
5484,3
5484,2
5484,1
4294967279,233
5482,5
5482,4
5482,2
5482,1
5480,5
5480,4
5480,3
5480,2
5480,1
4294967279,328
4294967278,296
4294967279,254
5479,5
5479,4
5479,3
5479,2
5479,1
4294967294,1179
4294967278,384
5477,5
5477,4
5477,3
5477,2
5477,1
4294967278,383
5476,4
5476,3
5476,2
5476,1
4294967278,253
4294967278,426
4294967278,249
4294967279,269
4294967278,247
4294967278,326
4294967279,143
4294967278,139
4294967279,139
4294967278,284
4294967279,290
4294967278,133
4294967278,267
4294967278,282
4294967278,275
4294967278,213
4294967278,178
4294967278,171
4294967278,168
4294967278,395
4294967278,365
4294967279,363
4294967279,60
4294967279,59
4294967279,518
4294967279,56
4294967279,55
4294967279,48
4294967279,46
4294967279,35
4294967279,34
4294967279,138
4294967279,327
0,5
4294967278,142
4294967279,142
4294967279,281
4294967278,430
4294967279,137
4294967278,299
4294967278,135
4294967278,243
4294967279,135
4294967278,134
4294967279,275
4294967278,272
5475,6
5475,5
5475,4
4294967279,273
5475,2
5475,1
4294967278,270
4294967279,262
4294967279,285
4294967279,258
4294967279,264
4294967279,263
4294967278,261
4294967278,278
4294967278,322
4294967279,559
5472,5
5472,4
5472,3
5472,2
5472,1
4294967278,291
4294967279,575
4294967278,303
4294967278,334
5470,5
5470,4
5470,2
5470,1
4294967279,220
4294967278,217
5468,5
4294967294,442
4294967294,408
4294967294,457
4294967279,215
5468,4
5468,3
5468,2
5468,1
4294967278,211
4294967279,134
4294967294,439
4294967294,1152
5467,5
5467,4
5467,3
5467,2
5467,1
4294967278,241
4294967279,197
5465,5
5465,4
5465,3
5465,2
5465,1
4294967294,388
4294967279,79
4294967279,78
4294967279,75
4294967279,74
4294967279,73
4294967279,71
4294967279,69
4294967279,68
4294967278,444
4294967279,65
4294967279,64
4294967279,63
4294967278,327
4294967279,573
4294967279,62
4294967294,22
4294967294,7
4294967279,172
4294967278,170
4294967279,58
4294967279,171
4294967278,166
4294967279,50
4294967279,49
4294967278,158
4294967279,44
4294967278,239
4294967294,460
4294967278,332
5464,6
5464,5
5464,4
5464,3
5464,2
5464,1
4294967278,265
4294967278,262
5461,5
5461,4
5461,3
5461,2
5461,1
4294967279,356
4294967279,355
4294967279,36
5459,5
5459,4
5459,3
5459,2
5459,1
4294967278,214
4294967278,236
5457,5
5457,4
5457,3
5457,2
5457,1
4294967294,1085
4294967278,362
4294967279,571
4294967278,232
4294967278,289
4294967278,202
5456,5
5456,4
5456,3
5456,2
5456,1
4294967294,405
5454,5
5454,4
5454,3
5454,2
5454,1
5453,4
5453,3
5453,2
5453,1
4294967278,279
4294967279,570
4294967278,287
4294967278,230
4294967279,166
4294967279,528
4294967279,159
4294967279,158
4294967279,152
4294967279,150
5452,6
5452,5
5452,4
5452,2
5452,1
4294967278,228
4294967279,565
4294967278,286
4294967279,564
4294967279,257
5449,5
5449,4
5449,3
5449,2
5449,1
4294967294,1366
4294967278,224
5447,5
5447,4
5447,2
5447,1
4294967278,212
5445,5
5445,4
5445,3
5445,2
5445,1
4294967279,522
4294967278,207
4294967278,437
4294967279,563
5444,5
5444,4
5444,3
5444,2
5444,1
4294967294,402
4294967294,451
5442,5
5442,4
5442,3
5442,2
5442,1
5441,4
5441,3
5441,2
5441,1
4294967279,249
4294967278,216
4294967279,229
4294967278,319
4294967278,431
4294967278,412
4294967294,1365
4294967278,317
4294967278,315
4294967294,1078
4294967294,1070
4294967294,1058
4294967294,163
4294967278,173
4294967278,143
4294967279,265
4294967279,282
4294967279,114
4294967279,113
4294967279,112
4294967279,111
4294967279,110
4294967279,107
4294967279,106
4294967279,105
4294967279,104
4294967279,102
4294967279,101
4294967279,100
4294967279,99
4294967279,97
4294967279,96
4294967279,95
4294967279,94
4294967279,90
4294967279,87
4294967279,86
4294967279,85
4294967279,84
4294967279,83
4294967279,231
4294967279,82
4294967279,103
4294967279,212
4294967278,210
4294967279,93
4294967278,436
4294967279,92
4294967278,203
4294967279,91
4294967279,89
4294967278,433
4294967279,199
5440,6
5440,5
5440,4
5440,2
5440,1
4294967279,81
4294967278,382
4294967279,561
5437,5
5437,4
5437,3
5437,2
5437,1
4294967294,183
4294967294,448
4294967294,410
4294967279,307
4294967279,225
4294967278,428
5435,5
5435,4
5435,2
5435,1
4294967294,1086
4294967294,1082
4294967278,150
4294967279,151
5433,5
5433,4
5433,3
5433,2
5433,1
4294967278,88
4294967278,417
4294967279,512
4294967279,556
5432,5
5432,4
5432,3
5432,2
5432,1
4294967278,271
5430,5
5430,4
5430,3
5430,2
5430,1
4294967279,354
4294967294,189
4294967294,455
4294967278,311
4294967279,115
4294967279,109
4294967278,310
4294967279,108
4294967294,1069
5429,6
5429,5
5429,4
5429,3
5429,2
5429,1
4294967278,308
4294967279,287
5426,5
5426,4
5426,3
5426,2
5426,1
4294967278,422
5424,5
5424,4
5424,3
5424,2
5424,1
4294967278,411
5422,5
5422,4
5422,3
5422,2
5422,1
4294967278,378
5421,5
5421,4
5421,3
5421,2
5421,1
5419,5
5419,4
5419,3
5419,2
5419,1
5418,4
5418,3
5418,2
5418,1
4294967294,1216
4294967294,170
4294967294,400
4294967279,524
4294967278,304
4294967279,351
4294967278,407
4294967278,258
4294967278,370
4294967278,381
4294967279,98
4294967279,372
4294967279,551
4294967279,369
4294967279,367
4294967278,402
4294967279,224
4294967279,198
4294967278,191
4294967278,163
4294967279,146
4294967278,145
4294967279,274
4294967279,272
4294967278,285
4294967278,276
4294967279,268
4294967278,266
4294967279,267
4294967278,336
4294967278,256
4294967279,218
4294967279,217
4294967278,208
4294967279,201
4294967278,199
4294967278,186
4294967279,187
4294967278,185
4294967279,181
4294967278,165
4294967279,163
4294967278,159
4294967278,245
4294967279,555
5417,6
5417,5
5417,4
5417,2
5417,1
4294967278,302
4294967278,277
4294967279,560
5414,5
5414,4
5414,3
5414,2
5414,1
4294967279,552
4294967278,358
4294967278,403
4294967294,395
4294967294,401
4294967294,415
4294967294,467
5412,5
5412,4
5412,2
5412,1
4294967279,232
5410,5
5410,4
5410,3
5410,2
5410,1
4294967279,214
5409,5
5409,4
5409,3
5409,2
5409,1
4294967278,206
4294967279,205
5407,5
5407,4
5407,3
5407,2
5407,1
4294967278,200
4294967279,359
4294967278,373
4294967294,1219
4294967278,194
4294967294,452
4294967294,191
4294967278,341
4294967278,388
4294967278,7
4294967279,132
4294967279,130
4294967279,127
4294967279,314
4294967279,124
4294967279,122
4294967279,121
4294967279,120
4294967279,119
4294967279,118
4294967279,312
4294967279,227
4294967279,339
4294967279,310
4294967279,306
4294967279,308
4294967279,297
5406,6
5406,5
5406,4
5406,3
5406,2
5406,1
4294967279,338
4294967279,549
4294967278,156
4294967278,301
4294967279,548
4294967278,300
5403,5
5403,4
5403,3
5403,2
5403,1
5401,5
5401,4
5401,3
5401,2
5401,1
4294967278,298
4294967294,475
5399,5
5399,4
5399,3
5399,2
5399,1
4294967294,1067
4294967294,1217
4294967294,173
4294967278,4
4294967279,131
4294967278,218
4294967279,255
5398,5
5398,4
5398,3
5398,2
5398,1
4294967279,125
4294967279,123
5396,5
5396,4
5396,3
5396,2
5396,1
4294967279,117
4294967279,116
4294967278,323
4294967278,372
4294967279,534
4294967294,394
4294967294,384
4294967294,404
4294967294,463
4294967279,204
4294967279,203
4294967278,201
4294967279,200
4294967278,198
4294967279,196
4294967279,195
4294967278,297
4294967278,193
4294967278,189
4294967278,295
4294967278,361
4294967278,350
5395,6
5395,5
5395,4
5395,3
5395,2
5395,1
4294967278,335
4294967279,539
4294967278,443
4294967279,293
4294967278,309
4294967278,389
5392,5
5392,4
5392,3
5392,2
5392,1
4294967278,293
5390,5
5390,4
5390,3
5390,2
5390,1
5388,5
5388,4
5388,3
5388,2
5388,1
4294967279,284
4294967279,536
4294967278,406
5387,5
5387,4
5387,3
5387,2
5387,1
4294967279,535
5385,5
5385,4
5385,3
5385,2
5385,1
5384,4
5384,3
5384,2
5384,1
4294967279,346
4294967278,318
4294967278,316
4294967279,533
4294967294,414
4294967294,165
4294967279,516
4294967278,419
4294967279,322
4294967278,260
4294967279,207
4294967278,205
4294967279,206
4294967278,192
4294967279,183
4294967278,175
4294967278,161
4294967279,156
4294967279,155
4294967278,280
4294967279,261
4294967279,259
4294967278,379
4294967278,254
4294967279,252
4294967279,532
4294967279,531
4294967278,363
4294967279,216
4294967278,288
4294967279,376
5383,6
4294967279,210
5383,5
5383,4
5383,2
5383,1
4294967279,349
4294967279,194
4294967278,283
4294967278,188
4294967294,1181
4294967294,420
4294967294,168
4294967294,167
4294967294,1076
4294967294,164
4294967294,110
4294967279,527
4294967278,187
4294967279,186
5380,5
5380,4
5380,3
5380,2
5380,1
4294967294,1218
4294967279,182
4294967279,180
4294967278,351
5378,5
5378,4
5378,2
5378,1
5376,5
5376,4
5376,3
5376,2
5376,1
4294967278,393
4294967278,154
4294967279,154
4294967279,153
5375,5
5375,4
4294967279,149
5375,3
5375,2
5375,1
4294967279,147
4294967279,145
5373,5
5373,4
5373,3
5373,2
5373,1
4294967294,470
4294967278,281
4294967279,253
4294967294,386
4294967294,385
4294967294,387
4294967279,514
4294967278,410
4294967279,337
4294967278,274
4294967294,473
4294967278,273
4294967278,269
4294967279,279
4294967278,6
4294967278,5
4294967279,129
4294967279,128
4294967279,126
4294967279,289
4294967278,257
4294967279,251
4294967279,208
4294967279,513
4294967278,333
5372,6
5372,5
5372,4
5372,3
5372,2
5372,1
4294967279,280
4294967278,408
4294967278,40
4294967278,37
4294967278,36
4294967278,35
4294967278,34
4294967278,33
4294967278,32
4294967278,31
4294967278,30
4294967278,29
4294967278,28
4294967278,27
4294967278,26
4294967278,25
4294967278,24
4294967278,23
4294967278,22
4294967278,21
4294967278,20
4294967278,18
4294967278,356
4294967278,14
4294967278,12
4294967278,11
4294967278,10
4294967278,9
4294967279,22
4294967279,21
4294967279,19
4294967279,13
4294967278,19
4294967279,18
4294967278,17
4294967278,8
4294967279,334
4294967278,16
4294967278,314
4294967294,421
4294967279,16
4294967278,15
4294967279,14
4294967278,13
5369,5
5369,4
5369,3
5369,2
5369,1
4294967279,530
5367,5
5367,4
5367,3
5367,2
5367,1
4294967278,250
4294967278,248
4294967294,407
4294967294,1077
4294967294,461
4294967279,246
5365,5
5365,4
5365,3
5365,2
5365,1
4294967279,323
4294967294,391
4294967279,136
5364,5
5364,4
5364,3
5364,2
5364,1
4294967278,353
5362,5
5362,4
5362,3
5362,2
5362,1
4294967279,133
4294967294,120
4294967294,114
4294967278,413
4294967294,89
4294967294,1079
4294967294,1223
4294967294,398
4294967294,406
4294967294,419
4294967294,465
4294967279,381
4294967279,538
4294967279,320
4294967278,344
4294967278,346
4294967278,0
4294967278,184
4294967279,185
4294967278,183
4294967278,182
4294967278,180
4294967279,179
4294967279,177
5361,6
5361,5
5361,4
5361,3
5361,2
5361,1
4294967279,378
4294967278,377
5358,5
5358,4
5358,3
5358,2
5358,1
4294967279,377
5356,5
5356,4
5356,3
5356,2
5356,1
5354,5
5354,4
5354,3
5354,2
5354,1
4294967279,374
4294967279,517
4294967278,399
5353,5
5353,4
5353,3
5353,2
5353,1
4294967294,162
5351,5
5351,4
5351,3
5351,2
5351,1
5350,4
5350,3
5350,2
5350,1
4294967278,337
4294967279,370
4294967278,400
4294967279,276
4294967279,520
4294967279,309
4294967279,321
4294967278,167
4294967278,153
4294967279,558
4294967278,255
4294967279,525
4294967279,241
4294967278,238
4294967279,240
4294967278,237
4294967279,238
4294967279,202
4294967279,344
5349,6
5349,5
5349,4
5349,2
5349,1
4294967294,396
4294967294,390
4294967278,264
5346,5
5346,4
5346,3
5346,2
5346,1
4294967278,325
4294967279,572
5344,5
5344,4
5344,2
5344,1
4294967278,234
4294967279,568
5342,5
5342,4
5342,3
5342,2
5342,1
4294967279,543
4294967294,1182
4294967294,116
4294967294,184
5341,5
5341,4
5341,3
5341,2
5341,1
4294967278,342
